9839
940
7948
7353
9016
8382
8553
367
307
4811
1522
3844
3909
5751
4339
4210
653
7149
4800
4830
711
6488
4254
3692
5330
9955
6793
5413
1430
1039
5391
5366
8242
937
5479
7801
7954
6731
4582
8308
3013
6125
6325
171
4038
1695
4448
9801
3208
6023
9498
5984
4721
30
6941
473
5254
2879
1740
1496
3354
1627
2244
5275
8774
2564
1100
9670
5573
8281
4821
1114
5502
2049
1257
7727
1983
8368
4443
2639
7627
6590
6960
1632
8971
4534
9694
4465
9894
8076
4991
215
3872
3726
4655
5206
9625
2697
3569
9718
7647
1521
1763
9540
2427
3793
9916
5025
8382
8229
3998
9498
3746
2425
7414
5875
9516
7840
2976
8218
3151
3150
1385
2209
4711
7063
1376
3566
6914
2841
3334
2581
7961
7748
7516
2459
9319
8548
8697
7733
2946
2444
9652
5040
9907
766
5683
3705
4939
9964
2551
1431
9940
9316
1137
1605
7638
7208
2180
1983
1944
9339
2802
3558
7157
1781
2821
223
1582
638
4743
4125
3273
9170
9835
7226
282
8744
926
6046
3564
8873
1265
4071
848
2063
7017
3224
3587
8062
3203
2517
4606
1545
2453
8535
3042
1272
418
9118
7463
2313
8156
2945
6370
8845
3961
8559
6631
2329
3569
5999
8324
7444
4192
2753
4365
9201
5833
1737
888
1435
3249
1026
877
5986
6040
2099
632
7120
7732
3303
1446
3210
2460
2353
5656
6407
2626
3386
8520
4543
393
6123
6544
8297
859
5568
3180
9201
3810
9389
5610
1950
4041
6134
6115
805
5966
5894
3314
3555
3938
2687
9395
5416
41
3341
4232
1348
4218
3063
2092
3866
225
419
1661
8141
4201
1295
1856
5891
3721
3643
3155
2917
7938
8888
9852
851
1140
9546
7744
513
2569
8232
7782
8552
5803
4690
9463
986
5577
8422
1786
1433
3415
2802
8776
1354
2536
1053
5444
2730
205
6673
3874
1899
612
7460
7252
5781
1515
2247
1460
7204
4580
5259
582
1708
8976
4978
6238
9737
9329
6188
1926
7491
7702
1955
5440
2359
4118
9387
2056
2644
8161
5296
9075
5546
9050
3888
7547
4975
7119
6979
3955
7784
5251
5478
2435
9828
3146
6804
3807
9620
217
5219
1664
1371
7949
8291
2148
4784
3052
9629
4353
2141
350
7310
5382
9956
2861
3532
6553
357
371
5943
574
8189
5200
2845
7006
3096
7330
4640
6520
1059
6005
2955
6035
2177
6502
8778
2430
4214
2747
9231
9011
8786
6559
9087
6648
3548
7782
3136
6936
8967
1702
4809
1424
1086
7493
7108
6091
8038
2763
3986
1565
6772
4158
5191
5978
5879
7873
8228
1944
1291
8441
8979
7352
7413
7112
3356
6963
4035
6968
297
8560
3458
8831
2616
8093
5730
3549
8966
1459
1997
8088
7154
6460
7203
2331
9157
2032
4471
9177
2597
1451
590
9290
3553
9711
9959
985
7818
8771
8991
6777
3401
474
1464
8484
7094
4921
3886
4844
8829
4414
7998
566
1389
2838
667
3895
963
9184
9713
1723
1852
5568
9262
2192
3910
4299
9017
6419
4228
4806
2539
1536
6211
1977
4546
3619
8830
1854
6813
6790
933
1837
767
5792
2959
7367
5882
5420
1463
8785
4248
6019
1772
2206
8340
2864
3910
1228
1179
4031
908
4380
3001
0
4927
9599
4828
3802
5239
6673
2619
902
4750
8536
4918
7693
2122
7826
2678
6275
3685
4300
9190
8350
802
6123
6679
6147
955
9493
4483
8807
1444
5211
5534
6663
1986
8343
8615
3876
2619
4424
7279
9789
2045
2486
3115
9267
2126
4483
6413
9501
2300
8630
3947
6040
3386
44
8287
6444
5802
8046
7667
3761
6015
3534
5988
3640
3549
7630
4855
9708
4700
3538
5254
7085
6119
4349
8190
7348
3705
485
6543
9150
3882
956
8746
1394
7079
2076
3185
5374
5186
2307
4350
1381
1055
6100
7341
8242
5424
7199
215
8538
3854
5715
3994
4952
8588
9954
2996
4427
6841
8740
2418
5049
8349
3264
8940
8249
5707
7242
899
3359
1936
9064
5815
2013
2701
6060
5752
1570
6285
5660
6472
3205
184
427
4831
3885
4826
5999
3879
1881
3814
3873
4105
2808
856
2423
3012
877
7379
6964
1420
8630
4002
9436
1766
7848
9613
4118
1362
3108
684
6544
336
408
9877
2559
3113
2745
929
7480
21
3243
4045
3466
172
6318
1356
8141
4135
1195
9807
1805
3150
7251
2354
5013
2225
2550
9078
8975
9017
6198
2860
3816
8182
4162
475
8232
7250
4421
9211
9434
6037
8345
7407
9065
1949
4304
9285
4949
5467
4940
2523
5136
5694
2643
8903
9798
8495
8268
7377
9905
8130
2844
5420
7851
2813
4503
4717
9164
9261
4693
3411
7638
7137
9101
7413
2410
8755
46
9571
2845
5474
59
1914
6538
931
6003
4755
7828
7302
6161
2296
9282
9082
8827
751
8337
1369
9835
4432
1755
9492
325
7078
439
4016
3679
506
1217
7451
8928
6458
6010
1848
1243
66
7816
6282
9998
7141
1109
5678
847
870
9922
986
8692
9078
4976
1630
9911
60
1560
9851
8200
1872
1369
4630
1457
618
2466
4703
339
4170
7141
5495
1071
4801
4491
204
8328
1031
6541
9740
6755
3507
5003
6399
1050
6207
5470
6442
7395
9797
5100
3545
4632
9744
5084
3037
5505
4505
1928
9676
7770
1297
7200
4643
382
4502
3664
5030
557
7159
252
1288
4179
2822
3256
9842
2199
2572
5365
4360
9125
5919
3175
3107
6494
4092
4364
4877
6375
8581
4932
9268
1477
87
7880
7444
4504
1494
7143
1987
3541
645
9835
3787
3211
6051
3112
2129
7100
1254
3739
1925
4464
9649
5480
5269
4048
5222
6456
2873
8494
7228
1162
2881
5152
1761
4355
2888
8432
2774
9908
2280
7286
5787
3133
2704
7463
6760
6125
86
4298
6793
5257
1644
8485
5794
1710
6022
8328
8747
8911
4433
5480
941
7986
7493
2731
3255
8133
1128
1639
3623
7339
9168
9785
49
848
9775
5251
162
1753
4144
8404
3776
7355
1602
9461
4260
7641
7356
36
790
494
2730
2421
4143
2635
7194
3865
1939
7625
5451
8343
5700
1676
4296
615
5261
3298
2087
339
9338
2128
8066
4861
3218
4676
9221
2576
1570
956
914
3790
7940
3835
2752
182
7327
5858
2054
6350
2613
3720
8136
2304
8406
9859
3133
8090
3610
4735
4161
2500
647
2826
4327
633
677
801
6560
4750
5799
1078
2796
9299
4093
3318
7996
4621
4418
3795
7657
7204
9510
8511
8610
7338
4883
5426
2458
8973
5508
5471
3248
648
9887
4499
5359
5255
5053
5019
6966
1214
1313
9112
6980
7822
8574
6777
9512
2513
7436
7165
9860
4894
6445
7365
6979
1686
6493
8792
7103
994
6879
6768
1161
5013
6442
632
1468
6237
1879
9269
9476
3828
7397
8211
7560
4390
1407
8051
8240
2661
7300
6598
7049
5245
364
2879
9580
7629
7099
5415
4942
9862
9515
239
9492
9220
9077
862
8877
6521
3709
9135
2687
8606
6117
9197
4379
4428
7017
7532
9679
1929
5103
3402
8429
7788
1942
9419
6703
2764
784
3257
5852
4540
822
7260
7912
4509
9331
4999
4318
4634
4100
4452
2705
3870
9630
5054
8930
955
7198
9577
6893
3408
2164
3832
5243
3171
643
5595
3680
6694
8047
3951
4450
6733
2100
5628
615
3750
4099
3213
7115
2395
3308
7059
332
55
3005
6652
3432
9840
1434
3133
2984
8245
1091
7576
3047
5029
9581
4674
126
355
5495
6304
1937
1611
1821
7908
6761
7965
6596
8733
3565
2883
7769
7246
1908
1835
895
430
3932
5917
6480
3453
2413
9858
1364
8131
7725
7718
2713
2891
5167
3255
8845
7809
4610
5308
1981
7003
7111
305
9236
2728
5346
9461
531
4086
449
5949
7089
5944
5217
9793
6826
4888
9368
9668
1659
7667
9266
2111
4653
8498
7879
3392
9315
5514
8313
300
4896
6024
2283
8991
7924
920
8290
751
4588
5600
3830
4503
1687
4376
4148
8197
3082
6779
8567
1775
4906
7109
9456
5565
2844
9298
8333
816
9024
7721
6433
6844
3329
4676
2916
2185
7543
2896
6863
6449
6294
7349
84
6767
8766
6540
783
5697
2914
7180
2560
5734
1478
5717
6192
9247
4600
4211
4466
5213
7420
457
5236
7707
8502
4452
9690
3169
3281
6145
4997
4360
7879
819
1379
662
870
5142
9202
3092
5051
5500
8769
2458
7534
9204
1036
5537
5293
5243
4311
6842
6997
7082
2947
108
2902
9482
8770
4964
7929
631
3502
7940
3589
4571
896
5614
1368
5992
5253
3393
4982
2563
694
8609
2106
3257
6035
8572
9585
1824
1618
3256
973
5182
9323
6136
5330
5588
777
2151
2018
6009
3228
5925
692
4435
5307
6287
3599
8727
6113
7288
3217
412
2710
185
547
6205
1575
7493
5017
4565
1164
1933
8621
3239
5201
1642
2041
6440
9146
9251
5433
6700
4841
1878
2874
7670
1373
7307
9262
87
222
1854
9781
6351
2798
3694
6071
7490
275
7119
1514
5953
3433
7532
2081
6029
2572
4794
1007
7181
6003
6626
2628
5810
7203
5023
7122
7180
5455
5050
8988
7742
4100
7675
5076
3953
8359
9392
9092
2076
5521
9493
5030
1181
7250
9071
4527
7294
5416
1530
7861
8341
7378
4628
4658
3846
3739
3095
5455
3910
3187
7931
6135
2675
7836
1064
8472
8875
6087
3382
6671
5966
2236
8909
2592
5724
7601
5318
1712
6425
9552
2933
5893
2094
975
5720
8647
2716
7251
4195
8257
6025
7521
4290
5862
4873
1445
5222
6208
294
2811
969
9571
8000
1176
2428
7760
3467
8011
1202
7365
8607
5683
3934
2686
1781
3892
8527
6211
2386
9651
471
6561
4955
3894
2274
2492
8424
784
5555
3816
9108
6737
7309
9385
470
8234
5590
2602
8786
2419
462
1476
5317
3488
2333
230
1147
4354
642
6227
5728
2771
4591
5088
2662
7371
9077
5857
9719
2052
9249
3610
4819
682
2651
8379
8154
2908
6819
5947
3324
6743
4223
5015
40
9431
8098
8053
1908
5384
8681
6190
8105
6452
2906
6943
1454
4317
9226
7001
9253
762
8284
434
9772
7732
5268
8403
7488
5269
8196
9683
9795
7515
1715
55
5084
9110
2722
9471
7930
6994
5252
7457
1381
44
8682
3793
3971
1896
5940
5699
8727
4469
1749
6190
8736
3736
6382
2226
4974
89
9796
420
945
9995
8781
9288
860
2726
4169
2034
1445
8816
4904
9673
6787
6369
3289
3685
6993
4041
8278
4464
1063
7151
2414
3304
6445
675
9272
5502
4042
5603
8715
2991
9204
5026
9412
4645
8857
2467
8587
8606
8854
4219
3897
5260
8297
1198
8986
9255
6182
3070
5156
296
9600
7823
4795
3164
6509
4724
3846
7968
708
3946
7672
5261
89
3669
2836
9162
7080
9238
9033
8914
7883
5086
7138
2838
9209
9530
3684
7915
2993
2064
6180
3721
9667
8283
6705
1295
7024
3785
605
55
3773
1937
7220
1988
1012
4534
1648
8306
9708
949
3184
2762
8676
9344
8400
7860
1020
9351
651
9219
4717
5891
9638
2174
3445
3080
6182
8609
7977
1819
8694
1400
7366
6511
3107
554
2305
1553
1132
9246
6372
2898
9247
7753
1005
9334
2353
4370
560
8700
1067
506
1223
3016
1589
9406
8368
1726
169
2026
2676
1361
4056
4985
5733
3147
3215
5794
2686
4569
1155
75
2004
7477
9289
1300
7083
4670
6276
7343
3027
8771
8702
2038
2317
8344
6305
5710
6784
2929
7112
2789
296
241
6580
4010
2864
2
9140
5010
5816
6788
136
1060
39
833
456
2418
452
4522
8228
4705
2682
8888
7390
518
8522
8759
4592
9988
4756
4907
4745
3521
6288
3721
597
6142
6995
9367
3310
2272
4347
8507
270
4633
5208
4618
3085
5038
7119
8126
8490
9474
6633
7965
4991
964
2165
3030
655
8180
6897
6297
4716
229
8212
9032
6172
8859
9476
2876
6876
1103
1965
5571
8897
4476
4119
7515
5773
7490
5623
8624
5698
3298
9337
2125
6557
699
6516
3803
6297
4953
9954
209
5569
6298
9779
6179
3329
5024
461
1082
2885
20
6989
9824
4341
7414
7881
4419
6444
1971
8921
8263
146
5066
3542
6935
8513
2750
1052
9634
4526
5116
9273
500
1025
7365
5301
4833
8769
2735
5311
5591
5951
4984
771
8258
5345
2793
8692
8118
6730
987
1120
906
6702
6463
7953
7585
6093
9261
8244
1402
8524
3661
9894
7206
9929
6164
3516
8996
2787
1807
959
9417
787
8960
3277
2412
3290
5451
3782
9347
1692
4852
7304
8522
3852
1445
207
8361
3763
552
8388
6993
5603
523
7251
648
581
3261
673
2306
8149
4762
7297
828
9318
9044
1542
8784
1432
9460
8549
5837
2011
4527
4477
7110
1846
9407
9906
4995
174
2148
5968
818
243
2860
2401
3402
6376
916
2087
1932
7660
2673
640
4276
4973
8966
7993
4976
5235
8436
7931
6833
9653
1328
2233
9876
885
5683
9187
2311
7782
1070
2872
1518
7587
5596
9991
6168
7386
2592
7456
6157
9582
9010
6407
905
8319
3810
4083
9351
8743
1688
2537
983
5238
1880
2707
6746
2599
5524
9104
3589
1362
3193
7639
9905
3784
2173
2896
2261
923
8972
1596
359
5008
5773
9815
5273
8079
9962
4761
5206
4455
2041
4474
1520
6154
9196
2270
1435
1448
2880
3067
8349
4161
991
3436
3771
2560
175
6159
5790
9284
9577
9376
322
804
8198
1157
2901
4999
6080
5658
6426
2313
4127
264
2557
1502
4604
8120
9007
4433
5034
5744
560
5490
2508
7220
445
4183
556
7954
7663
9858
9905
4933
6801
1771
1004
6076
6778
5990
3038
6718
2959
1516
8626
400
9305
4883
333
2865
1304
4351
6232
4764
3584
7809
4785
5863
63
7905
6271
7792
2448
2254
6680
5677
5040
8916
4532
3934
5680
1762
8781
7861
3207
5409
4317
1682
682
3125
2851
4330
4918
6801
1868
4361
9601
357
6764
2268
4360
8027
8148
5527
7475
6250
4495
382
4806
660
5909
7310
4113
575
7302
9846
9144
5193
1672
2470
3707
4820
4664
6504
1454
2298
4400
4347
9771
6364
2790
9701
5395
4668
1640
1085
7102
3761
616
6147
593
3408
7408
9732
9645
615
63
3161
6014
3768
4906
5972
4291
9818
5183
2263
6419
2617
1483
9260
110
5918
3829
6334
6660
6745
8577
412
913
6501
3646
7008
7126
3486
7002
3915
3264
9865
3923
4712
3307
3699
1891
1296
8045
8460
5954
225
1748
6677
4094
4864
687
8590
469
4809
2787
7082
4292
1713
3901
7930
8329
8507
565
3981
6927
5197
7217
8742
5857
9147
9219
4794
487
1654
5068
6695
6546
9377
8701
4527
3724
5503
5615
7215
6300
3048
6384
9627
4262
3350
8847
6338
4962
6286
7042
492
889
2310
4983
6439
8749
6593
4631
4600
2431
9999
4168
1868
2390
4604
8369
5599
2111
3959
3001
5801
8057
2020
4065
9485
7371
3445
1347
5382
3038
8411
2660
2221
7085
7680
1687
5190
677
5549
5715
3252
3393
7200
4678
8608
7390
4584
2748
9792
7815
2245
1011
7490
8215
9569
2842
9980
9662
1990
4609
8743
4530
3902
5706
8520
894
2572
9840
847
7548
7943
7604
8650
2933
2782
8295
1798
8967
7625
9542
410
3972
9719
6154
4476
3503
4103
5371
3600
7194
5119
4896
4660
6347
5512
2289
1708
7849
9689
4479
4792
2980
1548
5079
1617
2122
6830
5114
4761
3114
5658
8830
6915
9785
6921
6332
2587
229
2647
5401
6050
7394
389
4352
5355
4498
7128
2309
2093
3866
5075
4429
2203
8551
6626
9976
3060
1796
1410
8733
4680
8343
4333
5702
7086
3145
4831
1518
4048
6131
4880
8580
9115
1740
3722
4238
988
9947
7045
1128
2991
9718
1155
1170
2151
4095
5435
6165
2996
56
842
4738
9567
7311
488
4754
7452
776
329
3177
6284
3523
9852
9488
4303
1326
9562
3063
8019
9032
322
3924
7138
9105
2058
1204
9627
1050
1902
7237
9552
6700
4740
8887
3691
6277
2379
1408
420
8876
7536
2442
5723
5851
7909
5614
1609
8689
6579
8743
9675
2549
8281
4878
366
9157
8556
999
1691
5088
1474
4235
1624
765
6953
3171
9052
2624
5782
1641
1070
7862
3052
3993
1784
790
699
4066
5289
2596
2328
1692
9123
4698
8523
6926
3237
5668
3898
1144
3680
6886
6959
9461
6419
7815
652
5416
5979
9476
826
9601
3616
690
6798
9688
17
5294
961
47
6369
3720
1051
6254
3160
6955
7449
5270
8181
5856
7776
3020
6061
4440
8865
7131
136
6811
6841
9744
9192
4206
4247
8534
4967
517
8678
3486
8989
3670
1207
7670
9536
672
3817
2169
2660
7634
4467
2187
3825
5410
4490
8526
4953
1035
227
5479
3994
7682
60
6772
8647
6506
7957
847
6408
9532
9730
7673
5114
6500
5661
9549
458
2421
9862
1145
4698
631
841
1655
505
6777
4797
9724
4765
1848
3713
1865
8617
8897
8226
9877
763
5048
6519
2572
5048
3090
5442
6237
681
1296
6719
2795
2437
5745
4727
2489
5131
5315
8128
7235
202
823
2947
1179
7423
4356
7446
7610
3559
4368
8952
8100
2536
5042
4097
5155
8342
7462
458
9442
956
1329
3886
2573
2170
6416
1114
732
5529
1650
8236
350
9676
6103
184
4009
9116
4600
6067
4656
2461
6306
9032
4613
4948
3604
1553
54
8762
8192
4133
1210
9749
6056
3154
8423
835
7427
6088
8022
5510
7045
7052
9969
6500
6691
8541
3826
4515
1230
2342
4608
9423
2742
3864
7154
5661
4824
8908
6414
7983
7748
1280
5262
6864
9391
3907
7328
5938
5929
2669
6367
9003
2205
744
9782
7155
5228
5089
3154
8753
9140
3076
5776
9655
1979
5754
2916
7298
417
1309
8439
519
7593
391
6846
7135
9075
6341
3134
1250
8240
3633
9540
1652
691
1766
4915
6810
9142
424
8642
8551
4118
7184
6223
5541
5778
2586
2762
3197
1334
7591
3915
6606
8901
9590
7632
83
2456
5020
9903
4020
9346
501
2350
8300
7641
1540
9511
2689
6171
8147
6203
8046
6374
2416
4755
6336
597
498
2336
872
6961
